data.txt
     1.0            IONOSPHERE MAPS     GNSS                IONEX VERSION / TYPE
IONINX V5.5         AIUB                08-FEB-26 07:32     PGM / RUN BY / DATE 
CODE'S 2-DAY PREDICTED IONOSPHERE MAPS FOR DAY 040, 2026    COMMENT             
Global ionosphere maps (GIM) are generated on a daily basis DESCRIPTION         
at CODE using data from about 120 GNSS sites of the IGS and DESCRIPTION         
other institutions. The vertical total electron content     DESCRIPTION         
(VTEC) is modeled in a solar-geomagnetic reference frame    DESCRIPTION         
using a spherical harmonics expansion up to degree and      DESCRIPTION         
order 15. Piece-wise linear functions are used for          DESCRIPTION         
representation in the time domain. The time spacing of      DESCRIPTION         
their vertices is 1 hour, conforming with the epochs of the DESCRIPTION         
VTEC maps.                                                  DESCRIPTION         
To convert line-of-sight TEC into vertical TEC, a modified  DESCRIPTION         
single-layer model mapping function approximating the JPL   DESCRIPTION         
extended slab model mapping function is adopted. The        DESCRIPTION         
mapping function is evaluated at geodetic satellite         DESCRIPTION         
elevation angles. For the computation of the ionospheric    DESCRIPTION         
pierce points, a spherical layer with a radius of 6821 km   DESCRIPTION         
is assumed, implying geocentric, not geodetic IONEX         DESCRIPTION         
latitudes.                                                  DESCRIPTION         
Instrumental biases with respect to each involved GNSS code DESCRIPTION         
observable are estimated as constant values for each        DESCRIPTION         
day. They are modeled with one set of bias parameters for   DESCRIPTION         
each satellite and each station in case of GPS and for each DESCRIPTION         
satellite-station link in case of GLONASS. The code bias    DESCRIPTION         
datum is defined by zero-mean conditions imposed on the     DESCRIPTION         
satellite bias estimates. In this file, just GPS C1W-C2W    DESCRIPTION         
satellite and station bias values are included. The         DESCRIPTION         
complete set of GNSS code bias results is provided in an    DESCRIPTION         
additional Bias-SINEX file as pseudo-absolute values        DESCRIPTION         
specific to each observable.                                DESCRIPTION         
Contact address: code(at)aiub.unibe.ch                      DESCRIPTION         
Data archive:    ftp.aiub.unibe.ch/CODE/                    DESCRIPTION         
                 www.aiub.unibe.ch/download/CODE/           DESCRIPTION         
  2026     2     9     0     0     0                        EPOCH OF FIRST MAP  
  2026     2    10     0     0     0                        EPOCH OF LAST MAP   
  3600                                                      INTERVAL            
    25                                                      # OF MAPS IN FILE   
  NONE                                                      MAPPING FUNCTION    
    10.0                                                    ELEVATION CUTOFF    
One-way carrier phase leveled to code                       OBSERVABLES USED    
  6371.0                                                    BASE RADIUS         
     2                                                      MAP DIMENSION       
   450.0 450.0   0.0                                        HGT1 / HGT2 / DHGT  
    87.5 -87.5  -2.5                                        LAT1 / LAT2 / DLAT  
  -180.0 180.0   5.0                                        LON1 / LON2 / DLON  
    -1                                                      EXPONENT            
TEC/RMS values in 0.1 TECU; 9999, if no value available     COMMENT             
                                                            END OF HEADER       
[from data line 4290]
    11                                                      START OF TEC MAP    
  2026     2     9    10     0     0                        EPOCH OF CURRENT MAP
    87.5-180.0 180.0   5.0 450.0                            LAT/LON1/LON2/DLON/H
   42   43   45   46   48   50   51   53   55   56   58   59   61   62   63   65
   66   67   67   68   69   69   70   70   70   70   70   69   69   69   68   67
   66   65   64   63   62   61   59   58   56   55   53   52   50   48   47   45
   43   42   40   39   38   36   35   34   34   33   32   32   32   32   32   32
   33   34   34   35   36   37   39   40   42
    85.0-180.0 180.0   5.0 450.0                            LAT/LON1/LON2/DLON/H
   35   37   40   43   45   48   51   54   56   59   61   64   66   68   70   72
   74   75   76   78   79   79   80   80   81   81   81   80   80   79   79   78
   77   76   74   73   72   70   68   66   64   62   59   56   54   51   48   45
   42   39   36   34   31   29   27   25   23   22   21   20   20   20   20   20
   21   22   23   25   26   28   30   33   35
    82.5-180.0 180.0   5.0 450.0                            LAT/LON1/LON2/DLON/H
   34   36   39   41   44   47   49   52   54   57   59   62   64   66   68   70
   72   73   75   76   78   79   80   80   81   81   81   81   81   81   81   81
   81   80   80   80   79   79   78   77   75   73   71   69   66   63   60   56
   52   49   45   42   39   35   33   30   28   26   25   23   22   22   22   22
   22   23   24   25   26   28   30   32   34
    80.0-180.0 180.0   5.0 450.0                            LAT/LON1/LON2/DLON/H
   40   41   42   43   45   46   48   49   50   52   53   54   55   56   58   59
   61   62   64   66   67   69   70   71   72   73   74   74   75   76   76   78
   79   80   82   84   86   87   89   90   91   91   90   89   87   85   82   79
   76   72   69   65   62   58   55   53   50   48   46   45   43   42   41   40
   39   39   38   38   38   38   39   39   40
    77.5-180.0 180.0   5.0 450.0                            LAT/LON1/LON2/DLON/H
   52   51   50   49   49   48   47   47   46   45   45   44   43   43   43   43
   44   46   47   49   52   54   56   58   59   61   62   63   64   66   68   70
   74   77   82   87   92   97  102  106  109  112  114  115  115  114  113  111
  109  106  104  101   98   95   93   90   88   86   84   81   79   77   74   72
   69   67   64   62   60   57   55   54   52
    75.0-180.0 180.0   5.0 450.0                            LAT/LON1/LON2/DLON/H
   68   65   61   58   56   53   51   48   45   42   39   36   33   30   29   28
   28   29   31   34   37   40   43   46   48   50   51   52   54   56   59   63
   68   74   82   90   98  107  116  123  130  136  141  144  146  148  148  148
  147  146  145  143  142  140  138  136  134  132  129  126  123  119  115  111
  106  101   96   91   86   81   76   72   68
    72.5-180.0 180.0   5.0 450.0                            LAT/LON1/LON2/DLON/H
   84   78   74   69   66   62   58   54   49   44   39   33   28   24   20   18
   17   18   20   24   28   32   36   39   42   44   45   46   47   49   53   58
   64   73   83   94  106  119  130  141  151  159  166  171  176  179  181  183
  184  185  185  185  184  183  182  181  179  176  173  169  164  159  152  145
  138  131  124  116  109  102   96   89   84
    70.0-180.0 180.0   5.0 450.0                            LAT/LON1/LON2/DLON/H
   94   88   84   79   76   72   68   64   58   52   45   38   31   25   20   17
   15   16   18   22   26   31   36   40   42   44   45   45   45   47   50   56
   64   74   87  101  116  130  145  158  169  179  187  194  199  204  208  212
  214  216  218  218  218  218  216  215  212  209  205  199  193  185  176  167
  157  148  139  131  123  115  108  101   94
    67.5-180.0 180.0   5.0 450.0                            LAT/LON1/LON2/DLON/H
   97   92   88   86   84   82   79   76   71   64   57   49   41   34   28   23
   21   21   23   27   32   37   42   46   48   49   48   47   47   48   52   58
   67   79   93  109  126  143  158  172  184  195  203  210  216  222  227  231
  235  238  240  240  240  238  236  233  230  225  220  212  203  193  181  170
  159  148  139  131  123  116  109  102   97
    65.0-180.0 180.0   5.0 450.0                            LAT/LON1/LON2/DLON/H
   91   88   86   86   87   87   87   86   82   77   70   63   55   47   41   36
   33   33   34   37   42   46   51   54   55   54   52   51   49   51   55   62
   73   87  103  120  137  155  171  185  197  206  214  221  227  232  238  243
  247  250  251  251  249  245  241  236  231  225  217  207  196  183  169  155
  143  132  123  116  110  104   99   95   91
    62.5-180.0 180.0   5.0 450.0                            LAT/LON1/LON2/DLON/H
   78   78   78   81   84   87   90   91   90   86   81   75   68   61   55   50
   47   45   46   48   51   55   58   60   59   57   54   52   51   53   58   68
   81   96  114  132  150  167  182  196  207  216  223  228  234  239  245  250
  254  256  256  254  249  243  236  228  221  213  203  191  177  162  146  130
  117  106   98   93   89   86   83   80   78
    60.0-180.0 180.0   5.0 450.0                            LAT/LON1/LON2/DLON/H
   64   65   67   72   77   83   87   90   91   89   86   82   76   71   66   62
   58   56   55   55   57   59   61   61   60   56   53   50   50   54   62   75
   91  109  127  146  163  180  194  207  217  225  231  236  241  246  251  256
  260  262  260  255  247  237  227  217  208  198  187  173  158  140  122  106
   91   81   74   70   68   67   66   65   64
    57.5-180.0 180.0   5.0 450.0                            LAT/LON1/LON2/DLON/H
   54   55   58   63   69   75   80   84   86   86   84   82   79   75   72   68
   64   61   59   58   58   59   60   59   56   52   48   46   48   55   67   84
  103  123  143  161  178  193  207  219  229  236  243  247  252  256  261  266
  269  269  266  259  248  236  223  211  200  188  176  162  145  127  108   91
   76   65   59   56   55   55   54   54   54
    55.0-180.0 180.0   5.0 450.0                            LAT/LON1/LON2/DLON/H
   51   51   54   58   63   68   72   75   77   77   77   77   76   74   72   69
   66   62   59   57   57   57   56   55   51   47   43   42   47   58   75   96
  119  141  161  179  194  208  221  232  242  251  257  262  266  270  275  279
  282  282  277  268  256  242  227  214  201  189  177  163  146  128  109   91
   76   65   59   56   54   54   53   51   51
    52.5-180.0 180.0   5.0 450.0                            LAT/LON1/LON2/DLON/H
   57   57   58   61   64   66   68   68   68   69   69   70   70   70   69   67
   64   61   57   55   54   54   53   52   48   44   41   42   50   65   86  111
  137  160  180  197  211  224  236  247  258  268  275  280  284  288  292  295
  297  297  292  283  270  256  241  226  213  201  188  175  159  141  123  106
   91   79   72   68   65   63   61   59   57
    50.0-180.0 180.0   5.0 450.0                            LAT/LON1/LON2/DLON/H
   71   70   71   72   73   72   70   67   65   64   64   65   66   66   66   65
   62   59   56   54   54   54   54   53   50   46   44   48   59   78  102  130
  156  180  200  216  228  240  252  264  276  286  294  300  303  306  309  311
  313  312  308  300  288  274  260  245  232  219  206  193  178  161  144  128
  114  102   93   88   83   80   76   73   71
    47.5-180.0 180.0   5.0 450.0                            LAT/LON1/LON2/DLON/H
   88   88   89   90   89   85   80   74   69   67   66   66   66   66   66   65
   63   61   59   58   58   58   59   58   56   54   54   60   74   95  121  149
  176  199  218  233  246  258  270  282  295  305  313  319  321  322  324  325
  326  326  322  315  305  293  279  265  251  237  223  209  194  179  164  149
  135  123  113  106  100   96   92   89   88
    45.0-180.0 180.0   5.0 450.0                            LAT/LON1/LON2/DLON/H
  101  104  107  108  107  102   95   87   81   77   75   73   72   71   70   69
   68   67   67   66   66   67   68   68   67   66   69   77   93  115  140  167
  192  214  233  249  263  276  289  302  314  324  332  336  337  337  336  336
  336  335  333  328  319  309  296  282  266  249  233  218  202  188  173  159
  146  134  123  115  109  104  102  101  101
    42.5-180.0 180.0   5.0 450.0                            LAT/LON1/LON2/DLON/H
  108  113  119  123  123  119  111  103   97   92   89   86   83   80   78   77
   78   78   78   78   78   78   79   79   79   81   86   96  113  134  158  181
  204  225  244  263  280  295  310  323  335  344  350  353  353  350  348  346
  345  344  342  338  331  322  309  294  276  256  237  218  201  185  170  156
  143  131  120  112  106  102  102  103  108
    40.0-180.0 180.0   5.0 450.0                            LAT/LON1/LON2/DLON/H
  104  113  122  128  131  129  124  118  112  108  104  101   96   92   89   89
   90   92   92   92   90   89   89   89   90   93  101  114  131  152  172  191
  211  231  253  276  298  317  334  348  358  366  371  373  371  368  364  361
  359  357  354  350  344  336  323  307  286  263  239  216  196  177  160  144
  130  117  107   98   93   91   93   97  104
    37.5-180.0 180.0   5.0 450.0                            LAT/LON1/LON2/DLON/H
   95  104  114  123  129  130  129  125  122  120  117  113  108  104  101  101
  103  105  106  104  100   97   95   95   97  102  113  128  146  165  182  198
  214  235  261  290  318  343  362  377  387  394  397  398  397  393  389  386
  383  380  377  372  366  357  345  327  304  277  249  222  197  174  153  135
  119  105   93   84   79   78   81   87   95
    35.0-180.0 180.0   5.0 450.0                            LAT/LON1/LON2/DLON/H
   84   92  101  110  117  122  124  125  125  125  124  121  117  112  110  111
  114  117  116  113  107  101   97   96   99  107  120  138  158  175  190  203
  219  241  272  307  342  373  396  411  421  428  431  433  432  430  427  424
  421  418  414  409  403  394  381  363  338  310  279  248  218  190  164  141
  122  106   93   82   76   73   74   78   84
    32.5-180.0 180.0   5.0 450.0                            LAT/LON1/LON2/DLON/H
   82   83   87   94  101  107  113  117  121  123  124  123  120  118  117  119
  123  125  123  118  110  102   97   95   99  108  124  145  166  184  198  210
  227  253  288  330  371  406  433  450  462  469  474  477  479  479  479  478
  476  473  469  464  457  449  437  420  396  367  335  302  268  234  202  174
  151  132  116  103   93   86   83   81   82
    30.0-180.0 180.0   5.0 450.0                            LAT/LON1/LON2/DLON/H
   93   86   82   83   87   94  101  107  113  117  119  120  120  120  121  124
  127  129  126  119  109  101   95   94   98  109  127  150  173  193  209  223
  242  272  312  358  404  442  472  492  506  516  523  530  535  539  541  542
  543  541  538  533  527  521  512  496  475  448  417  383  347  309  271  238
  212  190  170  152  136  123  111  102   93
    27.5-180.0 180.0   5.0 450.0                            LAT/LON1/LON2/DLON/H
  122  104   91   84   84   88   94  101  106  111  114  117  118  121  123  127
  129  129  125  118  108  100   95   94   98  110  129  155  182  205  224  243
  266  300  343  392  438  479  511  534  551  564  576  586  594  601  606  610
  613  614  612  609  606  602  597  585  567  543  516  484  447  405  364  327
  298  274  251  228  204  182  161  141  122
    25.0-180.0 180.0   5.0 450.0                            LAT/LON1/LON2/DLON/H
  166  139  117  103   96   96   99  103  107  110  113  116  119  122  126  129
  130  128  123  116  108  101   97   96  101  113  134  162  192  220  245  269
  298  335  379  427  472  512  546  572  594  611  626  639  650  659  666  672
  677  681  682  681  680  681  679  672  659  639  615  586  550  508  465  426
  396  371  345  317  286  255  225  196  166
    22.5-180.0 180.0   5.0 450.0                            LAT/LON1/LON2/DLON/H
  221  187  159  138  126  120  118  118  118  119  119  121  124  127  129  130
  130  127  122  115  109  105  102  102  107  119  141  170  204  237  268  299
  333  373  416  460  502  540  574  604  629  651  668  683  695  704  711  718
  726  732  735  736  739  743  746  743  733  717  698  672  639  598  554  516
  486  462  436  405  368  330  293  257  221
    20.0-180.0 180.0   5.0 450.0                            LAT/LON1/LON2/DLON/H
  275  239  208  185  168  158  151  145  141  137  134  133  134  134  134  133
  129  125  121  117  113  111  109  110  114  127  149  180  217  255  292  329
  368  409  450  489  525  560  594  627  656  680  699  714  724  731  737  744
  752  760  764  768  772  779  784  784  777  764  747  726  696  657  615  578
  551  529  505  473  434  393  352  313  275
    17.5-180.0 180.0   5.0 450.0                            LAT/LON1/LON2/DLON/H
  319  286  258  234  216  202  191  180  170  162  155  150  147  144  140  135
  130  125  121  119  118  117  116  117  122  134  157  190  229  271  313  355
  397  438  476  509  540  572  607  641  673  698  716  729  736  740  743  749
  757  764  769  772  777  784  791  791  785  773  759  741  714  677  637  603
  578  560  539  510  472  432  392  355  319
    15.0-180.0 180.0   5.0 450.0                            LAT/LON1/LON2/DLON/H
  347  320  297  278  261  246  231  216  202  189  178  168  161  153  145  138
  131  126  123  123  124  123  122  123  128  141  166  200  241  285  330  374
  418  458  493  521  548  577  612  648  680  705  721  731  734  734  734  737
  744  750  754  755  758  764  769  769  761  749  736  720  696  661  623  590
  568  553  537  511  478  443  408  376  347
    12.5-180.0 180.0   5.0 450.0                            LAT/LON1/LON2/DLON/H
  355  337  321  308  294  280  264  246  229  213  198  185  172  161  149  139
  131  126  125  127  128  128  126  126  132  148  175  210  251  295  340  386
  429  469  500  525  549  577  612  648  680  703  717  723  723  719  716  718
  723  728  729  727  726  729  732  729  719  706  693  679  656  623  585  552
  530  518  505  485  458  429  401  377  355
    10.0-180.0 180.0   5.0 450.0                            LAT/LON1/LON2/DLON/H
  348  336  327  320  311  299  283  265  246  228  212  195  180  165  151  140
  131  127  127  130  131  130  127  127  135  154  184  220  261  302  345  389
  432  470  500  523  546  574  609  644  675  696  707  711  708  703  699  700
  704  707  706  700  695  694  694  688  676  662  649  636  615  582  542  506
  483  470  459  444  424  402  381  363  348
     7.5-180.0 180.0   5.0 450.0                            LAT/LON1/LON2/DLON/H
  331  324  320  317  312  303  288  271  252  234  217  199  182  166  151  139
  131  128  129  131  133  131  127  128  139  162  194  231  269  307  347  388
  428  464  494  518  541  570  604  638  667  686  696  698  696  692  689  690
  694  697  694  685  677  673  670  663  650  635  623  611  590  556  513  473
  445  429  418  406  390  373  357  343  331
     5.0-180.0 180.0   5.0 450.0                            LAT/LON1/LON2/DLON/H
  315  307  304  304  302  295  282  266  248  231  214  197  180  164  150  139
  131  128  129  132  133  131  128  130  143  170  204  241  276  310  345  382
  421  456  486  511  536  565  598  631  657  675  685  689  690  688  688  691
  697  701  697  688  678  673  669  662  650  636  625  614  593  557  510  465
  431  410  397  385  371  356  341  327  315
     2.5-180.0 180.0   5.0 450.0                            LAT/LON1/LON2/DLON/H
  307  296  290  289  288  282  271  256  239  223  207  192  177  162  149  139
  131  127  128  131  133  131  129  132  149  178  214  249  281  310  341  376
  412  447  477  504  531  560  592  622  646  664  676  684  689  692  695  701
  710  716  714  706  698  694  692  687  677  665  656  644  623  585  536  485
  445  418  401  386  372  356  340  322  307
