data.txt
     1.0            IONOSPHERE MAPS     GNSS                IONEX VERSION / TYPE
IONINX V5.5         AIUB                08-FEB-26 07:32     PGM / RUN BY / DATE 
CODE'S 2-DAY PREDICTED IONOSPHERE MAPS FOR DAY 040, 2026    COMMENT             
Global ionosphere maps (GIM) are generated on a daily basis DESCRIPTION         
at CODE using data from about 120 GNSS sites of the IGS and DESCRIPTION         
other institutions. The vertical total electron content     DESCRIPTION         
(VTEC) is modeled in a solar-geomagnetic reference frame    DESCRIPTION         
using a spherical harmonics expansion up to degree and      DESCRIPTION         
order 15. Piece-wise linear functions are used for          DESCRIPTION         
representation in the time domain. The time spacing of      DESCRIPTION         
their vertices is 1 hour, conforming with the epochs of the DESCRIPTION         
VTEC maps.                                                  DESCRIPTION         
To convert line-of-sight TEC into vertical TEC, a modified  DESCRIPTION         
single-layer model mapping function approximating the JPL   DESCRIPTION         
extended slab model mapping function is adopted. The        DESCRIPTION         
mapping function is evaluated at geodetic satellite         DESCRIPTION         
elevation angles. For the computation of the ionospheric    DESCRIPTION         
pierce points, a spherical layer with a radius of 6821 km   DESCRIPTION         
is assumed, implying geocentric, not geodetic IONEX         DESCRIPTION         
latitudes.                                                  DESCRIPTION         
Instrumental biases with respect to each involved GNSS code DESCRIPTION         
observable are estimated as constant values for each        DESCRIPTION         
day. They are modeled with one set of bias parameters for   DESCRIPTION         
each satellite and each station in case of GPS and for each DESCRIPTION         
satellite-station link in case of GLONASS. The code bias    DESCRIPTION         
datum is defined by zero-mean conditions imposed on the     DESCRIPTION         
satellite bias estimates. In this file, just GPS C1W-C2W    DESCRIPTION         
satellite and station bias values are included. The         DESCRIPTION         
complete set of GNSS code bias results is provided in an    DESCRIPTION         
additional Bias-SINEX file as pseudo-absolute values        DESCRIPTION         
specific to each observable.                                DESCRIPTION         
Contact address: code(at)aiub.unibe.ch                      DESCRIPTION         
Data archive:    ftp.aiub.unibe.ch/CODE/                    DESCRIPTION         
                 www.aiub.unibe.ch/download/CODE/           DESCRIPTION         
  2026     2     9     0     0     0                        EPOCH OF FIRST MAP  
  2026     2    10     0     0     0                        EPOCH OF LAST MAP   
  3600                                                      INTERVAL            
    25                                                      # OF MAPS IN FILE   
  NONE                                                      MAPPING FUNCTION    
    10.0                                                    ELEVATION CUTOFF    
One-way carrier phase leveled to code                       OBSERVABLES USED    
  6371.0                                                    BASE RADIUS         
     2                                                      MAP DIMENSION       
   450.0 450.0   0.0                                        HGT1 / HGT2 / DHGT  
    87.5 -87.5  -2.5                                        LAT1 / LAT2 / DLAT  
  -180.0 180.0   5.0                                        LON1 / LON2 / DLON  
    -1                                                      EXPONENT            
TEC/RMS values in 0.1 TECU; 9999, if no value available     COMMENT             
                                                            END OF HEADER       
[from data line 2574]
     7                                                      START OF TEC MAP    
  2026     2     9     6     0     0                        EPOCH OF CURRENT MAP
    87.5-180.0 180.0   5.0 450.0                            LAT/LON1/LON2/DLON/H
   52   52   53   53   54   54   55   56   56   57   57   58   59   59   59   60
   60   60   60   60   60   59   59   58   58   57   56   56   55   54   54   53
   52   52   51   51   51   50   50   50   49   49   49   49   49   49   50   50
   50   50   50   50   51   51   51   51   51   51   52   52   52   52   52   51
   51   51   51   51   51   51   52   52   52
    85.0-180.0 180.0   5.0 450.0                            LAT/LON1/LON2/DLON/H
   53   53   53   54   54   56   57   59   61   63   64   66   68   69   70   71
   72   72   72   71   70   69   68   67   65   63   61   60   58   57   55   54
   53   52   51   51   50   50   50   50   50   51   51   52   52   53   54   55
   56   57   58   60   61   62   62   63   64   64   64   64   64   63   62   61
   60   59   58   57   55   54   54   53   53
    82.5-180.0 180.0   5.0 450.0                            LAT/LON1/LON2/DLON/H
   54   53   52   52   53   54   57   59   62   66   69   72   75   78   80   81
   82   82   82   81   79   77   74   72   69   66   63   60   58   56   54   53
   52   51   51   51   51   52   53   54   55   56   58   60   61   64   66   68
   71   73   76   79   81   84   86   88   89   90   91   91   90   89   87   84
   81   78   74   70   66   63   59   56   54
    80.0-180.0 180.0   5.0 450.0                            LAT/LON1/LON2/DLON/H
   59   54   51   50   49   51   53   56   60   65   69   74   78   82   85   87
   88   88   87   85   82   79   75   71   67   63   60   57   54   52   51   50
   50   51   52   53   55   57   59   61   63   66   69   72   75   78   82   86
   91   95  100  105  110  115  119  123  126  129  130  130  130  127  124  120
  114  108  101   93   85   78   71   64   59
    77.5-180.0 180.0   5.0 450.0                            LAT/LON1/LON2/DLON/H
   67   59   53   49   46   46   48   51   55   60   66   71   76   80   83   85
   86   86   85   83   80   76   72   67   62   58   54   51   49   48   47   48
   49   51   54   57   60   63   66   70   73   77   81   85   90   95  100  107
  113  120  128  135  143  150  157  163  169  173  176  177  176  174  169  163
  155  146  135  124  112  100   88   77   67
    75.0-180.0 180.0   5.0 450.0                            LAT/LON1/LON2/DLON/H
   80   68   58   51   46   44   45   47   51   55   60   65   69   73   76   78
   79   79   78   76   73   69   65   61   57   53   50   47   45   45   46   47
   50   53   57   61   65   69   73   77   82   86   91   97  103  109  117  125
  134  144  154  164  174  184  193  202  209  215  220  222  222  220  215  207
  198  186  172  157  142  126  110   94   80
    72.5-180.0 180.0   5.0 450.0                            LAT/LON1/LON2/DLON/H
   97   81   68   57   50   46   45   46   49   52   56   59   62   65   66   67
   68   68   68   67   65   63   60   57   54   50   48   46   45   45   46   49
   52   56   60   64   68   72   77   81   86   91   97  104  111  120  129  140
  151  163  175  188  200  212  223  233  242  250  255  258  259  257  252  244
  234  220  205  188  170  152  133  114   97
    70.0-180.0 180.0   5.0 450.0                            LAT/LON1/LON2/DLON/H
  114   96   80   68   58   53   50   50   52   54   56   57   57   57   57   57
   58   58   59   60   60   60   59   57   54   52   50   48   47   48   49   51
   54   57   61   64   68   72   76   80   85   91   97  105  114  125  136  149
  163  177  192  206  219  232  243  254  263  271  277  281  282  281  276  268
  257  244  229  212  193  174  154  133  114
    67.5-180.0 180.0   5.0 450.0                            LAT/LON1/LON2/DLON/H
  130  110   93   79   69   62   59   58   59   60   60   59   57   54   52   51
   51   52   54   57   59   60   61   60   58   56   54   52   51   51   52   53
   55   57   59   62   64   67   70   74   79   85   93  103  113  126  140  155
  171  187  203  218  232  244  255  264  272  279  285  289  290  289  285  277
  267  255  240  224  207  189  169  149  130
    65.0-180.0 180.0   5.0 450.0                            LAT/LON1/LON2/DLON/H
  141  122  104   90   79   72   69   69   69   70   68   65   61   56   52   49
   49   51   54   58   62   64   65   65   64   61   59   56   54   53   53   53
   53   54   55   57   58   60   62   66   71   78   87   98  111  126  142  160
  178  196  213  228  241  251  259  266  272  278  283  286  288  287  283  276
  266  254  241  227  212  196  179  160  141
    62.5-180.0 180.0   5.0 450.0                            LAT/LON1/LON2/DLON/H
  149  130  112   97   86   79   77   77   79   79   78   73   67   61   56   52
   52   54   58   62   66   69   70   70   67   64   61   58   55   52   51   50
   50   50   50   51   52   53   55   59   65   73   84   96  111  128  147  166
  186  206  223  238  249  257  263  266  270  273  276  279  281  280  276  269
  260  248  236  224  211  198  183  167  149
    60.0-180.0 180.0   5.0 450.0                            LAT/LON1/LON2/DLON/H
  153  135  116  101   89   83   81   82   85   86   85   80   74   67   61   58
   57   59   63   67   70   72   72   71   68   64   59   55   51   48   46   45
   45   45   46   47   48   50   52   57   63   73   85   99  116  134  155  176
  198  219  237  251  261  267  269  269  269  271  273  275  277  276  273  265
  256  244  233  221  210  199  186  171  153
    57.5-180.0 180.0   5.0 450.0                            LAT/LON1/LON2/DLON/H
  158  139  120  103   90   83   81   83   86   88   87   84   78   72   67   63
   63   64   67   69   71   72   70   68   64   59   54   50   45   42   41   40
   41   43   46   48   50   52   55   60   68   78   92  108  126  146  168  191
  214  236  255  269  278  281  281  278  276  275  276  279  281  280  277  269
  259  247  235  224  213  202  190  175  158
    55.0-180.0 180.0   5.0 450.0                            LAT/LON1/LON2/DLON/H
  165  145  125  107   93   84   81   82   84   85   85   82   78   73   69   66
   66   66   67   68   68   67   65   62   58   53   48   44   40   37   37   38
   41   45   50   54   57   60   64   70   78   90  104  122  141  163  186  210
  234  257  276  291  299  301  298  294  289  287  287  290  292  292  288  281
  270  258  246  234  223  212  199  184  165
    52.5-180.0 180.0   5.0 450.0                            LAT/LON1/LON2/DLON/H
  177  156  135  116  100   90   84   81   81   81   80   78   75   71   68   66
   65   64   64   63   62   61   58   56   52   48   44   40   37   35   36   39
   44   51   58   64   69   73   77   83   92  105  121  140  161  183  207  231
  256  279  299  313  321  323  319  313  307  304  303  305  307  307  304  296
  286  274  262  250  238  226  212  196  177
    50.0-180.0 180.0   5.0 450.0                            LAT/LON1/LON2/DLON/H
  192  171  151  132  115  102   93   87   83   80   77   74   71   68   66   64
   62   60   58   57   56   55   54   53   51   48   44   41   39   38   40   44
   52   61   70   77   83   87   91   97  108  122  140  160  181  204  228  253
  278  301  320  334  342  344  340  333  327  322  320  320  321  320  316  309
  299  289  278  267  256  243  228  211  192
    47.5-180.0 180.0   5.0 450.0                            LAT/LON1/LON2/DLON/H
  207  188  170  152  136  121  109   99   90   84   78   74   70   68   65   63
   59   56   53   52   52   53   54   55   55   53   51   47   45   45   47   52
   61   71   81   89   94   98  103  111  123  139  158  180  202  226  250  274
  298  319  337  351  359  361  358  351  343  337  333  330  328  325  320  313
  305  296  288  279  269  257  243  226  207
    45.0-180.0 180.0   5.0 450.0                            LAT/LON1/LON2/DLON/H
  219  203  188  173  159  144  130  117  105   94   86   80   76   72   69   65
   60   55   52   52   53   57   61   64   65   64   61   57   54   54   56   61
   69   79   89   97  102  106  112  121  136  155  176  199  222  246  269  293
  315  334  350  363  371  373  371  364  356  348  341  335  329  322  315  307
  300  294  289  283  276  265  251  236  219
    42.5-180.0 180.0   5.0 450.0                            LAT/LON1/LON2/DLON/H
  224  211  200  190  178  166  152  137  123  110  100   93   88   83   78   72
   65   60   57   58   62   67   73   77   79   77   74   69   65   63   64   69
   76   84   93  100  105  110  117  130  149  171  195  218  242  265  288  310
  329  346  360  371  379  383  382  376  368  358  348  337  327  316  305  295
  289  284  282  279  274  265  253  239  224
    40.0-180.0 180.0   5.0 450.0                            LAT/LON1/LON2/DLON/H
  223  212  204  197  189  179  166  152  139  126  116  109  103   98   92   84
   76   71   69   71   76   82   88   92   93   90   85   79   74   71   71   74
   79   85   92   98  104  110  121  139  162  189  215  239  261  283  305  325
  343  357  368  379  388  394  396  392  384  373  361  347  332  316  302  289
  280  276  274  273  269  261  250  236  223
    37.5-180.0 180.0   5.0 450.0                            LAT/LON1/LON2/DLON/H
  218  207  199  194  188  180  170  158  147  137  129  124  119  114  107   99
   91   86   86   89   94   99  103  105  104  100   94   86   80   77   76   77
   80   84   89   95  101  111  127  150  179  209  237  260  281  302  322  341
  357  369  380  391  403  413  418  417  412  402  389  373  355  336  317  301
  288  281  276  273  268  260  247  232  218
    35.0-180.0 180.0   5.0 450.0                            LAT/LON1/LON2/DLON/H
  218  202  191  183  177  169  161  153  145  139  135  133  131  127  122  114
  107  104  104  107  111  114  115  114  111  106   99   92   86   83   81   81
   82   84   87   92  100  114  135  164  198  232  261  283  302  321  340  358
  373  386  398  412  428  443  453  457  455  449  438  423  404  384  362  342
  324  310  300  292  283  271  254  236  218
    32.5-180.0 180.0   5.0 450.0                            LAT/LON1/LON2/DLON/H
  229  206  188  174  162  153  145  138  134  132  132  133  135  134  131  125
  121  119  121  123  125  124  121  118  114  110  104   98   93   90   89   88
   87   87   88   93  103  120  146  181  220  256  285  305  322  339  358  376
  393  407  423  443  465  486  503  513  517  515  509  498  482  462  440  416
  392  370  352  336  320  301  279  254  229
    30.0-180.0 180.0   5.0 450.0                            LAT/LON1/LON2/DLON/H
  259  226  198  174  155  141  130  124  121  120  123  127  131  133  133  131
  129  129  132  134  133  128  123  118  116  114  111  107  105  103  102  100
   97   94   94   99  110  130  160  199  240  278  307  325  340  356  376  396
  415  434  456  482  512  540  564  581  592  597  596  591  580  564  543  517
  489  460  432  407  382  356  327  294  259
    27.5-180.0 180.0   5.0 450.0                            LAT/LON1/LON2/DLON/H
  312  268  229  195  166  145  129  119  114  113  115  119  124  129  131  131
  132  135  138  139  136  130  123  120  120  122  123  122  121  121  119  116
  111  106  104  108  120  141  173  214  257  295  323  341  355  372  394  417
  440  465  493  527  564  599  629  652  669  681  688  688  684  673  655  631
  601  567  532  498  466  432  396  355  312
    25.0-180.0 180.0   5.0 450.0                            LAT/LON1/LON2/DLON/H
  383  332  283  239  202  173  151  136  126  120  117  118  122  126  129  130
  133  137  141  142  138  131  126  126  130  137  141  143  143  143  141  136
  129  121  116  118  129  150  182  223  266  304  332  351  367  386  410  438
  466  496  530  571  614  654  688  715  737  755  767  773  774  769  757  737
  709  674  636  597  559  521  479  433  383
    22.5-180.0 180.0   5.0 450.0                            LAT/LON1/LON2/DLON/H
  465  410  356  306  263  228  200  179  162  149  139  132  131  132  133  135
  137  140  144  144  141  137  135  140  149  159  165  168  168  166  163  156
  146  135  126  126  135  155  186  225  267  305  335  356  375  398  426  457
  490  524  564  608  654  695  730  759  784  804  818  828  833  833  828  815
  793  762  726  688  649  609  565  517  465
    20.0-180.0 180.0   5.0 450.0                            LAT/LON1/LON2/DLON/H
  546  492  438  388  343  305  273  247  224  202  182  167  157  153  150  149
  149  150  152  153  151  150  154  163  175  186  193  194  191  187  181  172
  159  145  133  129  136  154  183  221  262  300  331  357  380  408  440  475
  510  548  589  634  678  717  749  777  801  820  834  843  850  854  856  851
  838  816  787  754  719  682  642  596  546
    17.5-180.0 180.0   5.0 450.0                            LAT/LON1/LON2/DLON/H
  613  565  516  470  428  391  360  331  303  274  245  220  202  191  183  178
  174  172  171  170  170  173  180  193  206  216  219  216  209  202  193  181
  166  149  135  128  132  149  176  212  252  292  326  356  385  417  452  489
  526  564  604  646  685  718  745  768  788  804  814  820  825  832  839  843
  840  830  812  790  762  731  697  657  613
    15.0-180.0 180.0   5.0 450.0                            LAT/LON1/LON2/DLON/H
  659  619  578  539  503  471  444  417  387  354  319  287  261  243  231  221
  212  206  200  197  197  202  213  226  237  242  239  230  219  208  196  183
  167  148  132  123  126  142  168  203  243  284  322  356  389  425  462  500
  536  572  609  646  677  702  721  737  752  763  767  768  771  778  790  801
  808  809  804  793  775  753  726  695  659
    12.5-180.0 180.0   5.0 450.0                            LAT/LON1/LON2/DLON/H
  680  649  616  584  555  530  508  486  460  427  390  354  324  302  286  273
  261  249  239  232  230  234  245  256  262  260  251  236  220  206  192  178
  162  144  127  117  120  136  163  198  238  280  320  358  395  432  469  506
  540  574  606  636  660  676  687  698  706  711  710  707  707  714  728  743
  758  768  774  773  765  751  731  708  680
    10.0-180.0 180.0   5.0 450.0                            LAT/LON1/LON2/DLON/H
  681  656  628  601  578  559  543  527  506  478  443  408  379  357  340  326
  312  297  281  268  262  264  271  278  278  269  253  234  215  198  184  170
  156  139  123  113  117  134  162  199  239  282  323  362  399  436  473  507
  540  570  598  622  639  649  655  661  666  666  661  656  655  663  677  694
  711  727  739  744  742  734  720  703  681
     7.5-180.0 180.0   5.0 450.0                            LAT/LON1/LON2/DLON/H
  671  647  621  594  572  555  544  533  519  498  470  440  415  396  383  371
  357  339  319  300  287  284  287  288  282  268  248  227  207  189  175  162
  150  136  121  113  118  136  167  205  245  287  328  367  403  438  472  505
  535  563  588  609  623  630  635  639  642  641  636  631  633  642  657  672
  687  701  713  721  721  715  704  690  671
     5.0-180.0 180.0   5.0 450.0                            LAT/LON1/LON2/DLON/H
  659  634  604  573  547  528  516  509  500  486  465  443  425  413  406  400
  388  370  346  320  301  292  289  286  276  259  239  218  199  182  168  157
  148  136  124  117  122  143  175  214  254  295  334  370  404  436  468  498
  527  554  579  600  614  623  630  637  642  644  642  642  648  661  675  687
  695  703  709  713  711  704  693  679  659
     2.5-180.0 180.0   5.0 450.0                            LAT/LON1/LON2/DLON/H
  655  625  589  551  516  490  474  465  459  449  435  421  411  407  407  407
  400  383  357  326  301  286  280  274  263  246  228  211  194  178  165  156
  148  139  129  123  129  151  185  223  263  301  338  371  402  431  460  489
  518  545  571  594  613  628  641  653  664  672  677  685  698  714  727  733
  733  730  727  723  715  705  692  676  655
