data.txt
     1.0            IONOSPHERE MAPS     GNSS                IONEX VERSION / TYPE
IONINX V5.5         AIUB                08-FEB-26 07:32     PGM / RUN BY / DATE 
CODE'S 2-DAY PREDICTED IONOSPHERE MAPS FOR DAY 040, 2026    COMMENT             
Global ionosphere maps (GIM) are generated on a daily basis DESCRIPTION         
at CODE using data from about 120 GNSS sites of the IGS and DESCRIPTION         
other institutions. The vertical total electron content     DESCRIPTION         
(VTEC) is modeled in a solar-geomagnetic reference frame    DESCRIPTION         
using a spherical harmonics expansion up to degree and      DESCRIPTION         
order 15. Piece-wise linear functions are used for          DESCRIPTION         
representation in the time domain. The time spacing of      DESCRIPTION         
their vertices is 1 hour, conforming with the epochs of the DESCRIPTION         
VTEC maps.                                                  DESCRIPTION         
To convert line-of-sight TEC into vertical TEC, a modified  DESCRIPTION         
single-layer model mapping function approximating the JPL   DESCRIPTION         
extended slab model mapping function is adopted. The        DESCRIPTION         
mapping function is evaluated at geodetic satellite         DESCRIPTION         
elevation angles. For the computation of the ionospheric    DESCRIPTION         
pierce points, a spherical layer with a radius of 6821 km   DESCRIPTION         
is assumed, implying geocentric, not geodetic IONEX         DESCRIPTION         
latitudes.                                                  DESCRIPTION         
Instrumental biases with respect to each involved GNSS code DESCRIPTION         
observable are estimated as constant values for each        DESCRIPTION         
day. They are modeled with one set of bias parameters for   DESCRIPTION         
each satellite and each station in case of GPS and for each DESCRIPTION         
satellite-station link in case of GLONASS. The code bias    DESCRIPTION         
datum is defined by zero-mean conditions imposed on the     DESCRIPTION         
satellite bias estimates. In this file, just GPS C1W-C2W    DESCRIPTION         
satellite and station bias values are included. The         DESCRIPTION         
complete set of GNSS code bias results is provided in an    DESCRIPTION         
additional Bias-SINEX file as pseudo-absolute values        DESCRIPTION         
specific to each observable.                                DESCRIPTION         
Contact address: code(at)aiub.unibe.ch                      DESCRIPTION         
Data archive:    ftp.aiub.unibe.ch/CODE/                    DESCRIPTION         
                 www.aiub.unibe.ch/download/CODE/           DESCRIPTION         
  2026     2     9     0     0     0                        EPOCH OF FIRST MAP  
  2026     2    10     0     0     0                        EPOCH OF LAST MAP   
  3600                                                      INTERVAL            
    25                                                      # OF MAPS IN FILE   
  NONE                                                      MAPPING FUNCTION    
    10.0                                                    ELEVATION CUTOFF    
One-way carrier phase leveled to code                       OBSERVABLES USED    
  6371.0                                                    BASE RADIUS         
     2                                                      MAP DIMENSION       
   450.0 450.0   0.0                                        HGT1 / HGT2 / DHGT  
    87.5 -87.5  -2.5                                        LAT1 / LAT2 / DLAT  
  -180.0 180.0   5.0                                        LON1 / LON2 / DLON  
    -1                                                      EXPONENT            
TEC/RMS values in 0.1 TECU; 9999, if no value available     COMMENT             
                                                            END OF HEADER       
[from data line 9009]
    22                                                      START OF TEC MAP    
  2026     2     9    21     0     0                        EPOCH OF CURRENT MAP
    87.5-180.0 180.0   5.0 450.0                            LAT/LON1/LON2/DLON/H
   64   65   66   67   68   69   70   72   73   74   76   77   78   80   81   82
   83   84   84   85   85   86   86   86   86   86   86   85   85   84   83   83
   82   81   80   79   78   77   76   75   74   73   72   72   71   70   69   68
   68   67   66   66   65   65   64   64   63   63   63   62   62   62   61   61
   61   61   61   61   62   62   63   63   64
    85.0-180.0 180.0   5.0 450.0                            LAT/LON1/LON2/DLON/H
   53   54   56   58   61   63   66   70   73   76   80   83   86   89   91   93
   95   97   98   99  100  100  101  100  100  100   99   98   97   96   95   93
   91   90   88   86   84   82   80   78   76   74   73   71   70   69   68   67
   66   65   64   64   63   62   62   61   60   60   59   58   57   56   55   54
   54   53   52   52   51   51   52   52   53
    82.5-180.0 180.0   5.0 450.0                            LAT/LON1/LON2/DLON/H
   42   43   46   49   52   57   62   68   73   79   85   91   96  100  104  107
  109  110  112  112  112  112  112  112  111  111  110  109  108  107  105  103
  101   98   96   93   90   87   84   81   79   76   74   72   71   70   69   68
   67   66   66   65   65   64   64   63   62   61   60   59   57   56   54   52
   50   49   47   45   43   42   42   41   42
    80.0-180.0 180.0   5.0 450.0                            LAT/LON1/LON2/DLON/H
   34   35   37   41   46   52   60   68   77   86   94  102  109  114  118  121
  122  123  122  121  120  119  118  118  117  117  117  117  116  116  114  113
  110  108  105  101   97   94   90   87   84   81   79   77   75   74   73   72
   72   71   71   70   70   69   68   67   66   65   64   63   61   59   57   55
   52   50   47   44   41   38   36   35   34
    77.5-180.0 180.0   5.0 450.0                            LAT/LON1/LON2/DLON/H
   34   34   35   39   45   52   62   73   85   97  108  119  127  133  136  137
  136  134  130  126  123  120  118  117  117  118  119  120  121  121  121  120
  118  116  112  108  104  100   96   93   90   87   85   83   82   81   80   80
   79   78   78   76   75   74   73   71   70   69   68   66   65   64   63   61
   58   56   53   49   45   42   38   36   34
    75.0-180.0 180.0   5.0 450.0                            LAT/LON1/LON2/DLON/H
   44   43   43   46   52   60   71   85  100  115  129  141  150  156  158  156
  151  144  136  129  122  116  113  111  112  113  116  118  121  122  123  123
  121  119  116  112  108  104  100   97   94   92   91   90   89   89   88   88
   87   86   84   82   79   76   74   71   69   68   67   67   67   67   67   67
   66   65   63   61   58   54   50   47   44
    72.5-180.0 180.0   5.0 450.0                            LAT/LON1/LON2/DLON/H
   65   62   61   63   67   76   88  103  120  138  155  169  179  184  183  178
  169  157  144  131  120  112  107  104  104  106  109  113  116  118  119  118
  117  114  111  108  104  101   99   97   96   95   95   95   95   95   95   94
   93   90   87   83   79   74   70   66   63   62   62   63   64   66   69   71
   73   75   76   76   75   73   71   68   65
    70.0-180.0 180.0   5.0 450.0                            LAT/LON1/LON2/DLON/H
   92   89   88   88   91   98  109  125  144  164  183  199  210  214  212  203
  190  173  155  138  123  112  104  100   98   99  101  104  106  107  107  106
  104  101   97   94   92   90   90   90   91   93   94   96   97   97   97   96
   94   91   86   80   73   67   61   56   52   51   51   53   57   61   66   71
   76   81   86   90   93   95   95   94   92
    67.5-180.0 180.0   5.0 450.0                            LAT/LON1/LON2/DLON/H
  121  119  117  116  118  123  133  148  167  188  209  227  240  245  242  232
  215  195  173  152  134  119  108  101   97   95   94   94   94   92   90   87
   83   79   76   73   72   73   75   78   81   85   88   91   93   93   93   92
   89   84   78   71   63   55   47   41   37   36   37   41   46   52   58   65
   73   81   89   97  105  112  117  120  121
    65.0-180.0 180.0   5.0 450.0                            LAT/LON1/LON2/DLON/H
  145  146  146  144  144  147  156  169  188  209  232  251  266  272  271  260
  243  222  198  175  154  137  123  111  103   96   91   86   82   77   72   66
   60   55   51   49   50   52   57   63   69   74   79   82   83   84   83   81
   78   73   66   58   49   40   32   26   23   22   24   28   34   40   47   55
   63   73   83   95  108  121  131  140  145
    62.5-180.0 180.0   5.0 450.0                            LAT/LON1/LON2/DLON/H
  159  165  167  167  167  169  175  187  204  225  247  268  285  294  295  287
  272  252  229  206  183  163  146  130  116  104   93   83   74   65   57   49
   41   35   31   29   30   35   41   49   57   63   68   70   71   70   68   66
   62   58   51   43   35   26   19   14   11   12   15   19   25   30   36   42
   49   58   70   84  101  118  135  149  159
    60.0-180.0 180.0   5.0 450.0                            LAT/LON1/LON2/DLON/H
  163  174  181  184  185  188  193  202  217  236  257  278  297  309  314  310
  299  282  262  240  218  196  175  155  136  118  101   87   74   63   52   42
   33   25   20   18   20   25   33   42   50   56   60   61   59   56   53   50
   47   42   37   30   23   16   10    7    7    9   12   16   21   24   27   30
   34   41   52   67   85  106  128  147  163
    57.5-180.0 180.0   5.0 450.0                            LAT/LON1/LON2/DLON/H
  159  175  187  195  200  204  210  218  229  245  264  284  303  317  326  327
  321  309  293  273  252  230  207  183  159  137  117   99   84   71   60   48
   38   29   23   21   22   27   35   43   51   56   58   56   52   46   42   38
   34   31   27   23   17   12    9    9   10   13   17   20   23   23   23   22
   23   27   36   50   68   91  115  138  159
    55.0-180.0 180.0   5.0 450.0                            LAT/LON1/LON2/DLON/H
  151  172  189  203  214  223  230  238  247  258  272  289  306  322  333  339
  338  331  318  302  283  261  236  211  185  160  138  119  104   91   79   67
   56   46   39   35   36   40   47   54   60   63   62   57   50   43   37   32
   30   28   25   22   19   17   16   18   22   26   29   31   31   29   25   21
   19   21   27   39   56   78  103  127  151
    52.5-180.0 180.0   5.0 450.0                            LAT/LON1/LON2/DLON/H
  146  170  192  213  231  246  257  265  272  278  287  298  312  326  338  347
  349  346  337  324  306  286  262  236  210  185  163  145  130  117  105   93
   81   70   62   58   58   61   66   71   75   75   72   65   56   47   40   36
   34   33   32   31   29   29   31   35   40   44   47   46   44   39   33   28
   24   24   29   40   55   75   98  122  146
    50.0-180.0 180.0   5.0 450.0                            LAT/LON1/LON2/DLON/H
  149  174  200  226  252  273  289  300  305  308  310  315  323  333  345  354
  358  357  350  339  324  305  282  258  233  209  188  171  156  144  131  118
  104   93   84   80   80   82   86   89   91   90   86   78   69   59   52   48
   47   48   48   47   46   47   51   57   62   66   67   64   59   52   46   41
   38   38   43   54   68   86  105  127  149
    47.5-180.0 180.0   5.0 450.0                            LAT/LON1/LON2/DLON/H
  163  186  214  245  276  304  325  339  344  344  340  338  340  346  354  362
  366  365  360  350  336  319  299  276  253  231  211  194  178  164  150  134
  119  107   98   95   96   99  102  104  105  104  100   93   84   76   70   68
   68   69   69   68   68   69   74   80   85   88   86   81   74   67   61   58
   57   60   67   78   93  109  125  143  163
    45.0-180.0 180.0   5.0 450.0                            LAT/LON1/LON2/DLON/H
  185  206  233  266  301  333  360  377  384  382  374  367  363  364  368  373
  375  374  369  360  348  332  314  293  271  249  229  209  191  174  156  139
  122  109  101  100  102  107  111  113  114  114  111  107  101   95   91   90
   92   94   93   91   90   91   95  101  106  107  104   96   88   81   77   75
   78   84   94  109  124  140  155  169  185
    42.5-180.0 180.0   5.0 450.0                            LAT/LON1/LON2/DLON/H
  213  231  256  287  323  357  387  407  416  414  405  394  386  383  384  386
  387  386  381  373  361  347  328  308  286  263  240  217  195  173  152  132
  114  101   95   95  101  107  113  116  118  119  120  119  116  113  111  113
  115  117  116  113  110  110  113  119  123  122  117  109  100   94   91   92
   96  106  120  137  156  173  187  199  213
    40.0-180.0 180.0   5.0 450.0                            LAT/LON1/LON2/DLON/H
  241  256  278  306  339  372  402  424  435  435  427  415  405  400  400  401
  401  400  396  389  378  363  344  322  298  273  246  218  192  167  144  124
  106   93   88   90   97  105  111  116  119  123  127  129  129  129  129  131
  135  136  134  130  125  124  126  131  133  132  126  118  109  104  102  105
  111  122  139  159  181  202  217  230  241
    37.5-180.0 180.0   5.0 450.0                            LAT/LON1/LON2/DLON/H
  267  281  299  322  348  377  404  425  438  441  435  425  416  412  412  413
  415  415  413  408  398  382  361  336  309  281  250  219  190  164  143  124
  109   97   91   92   98  106  113  118  122  127  133  138  140  141  142  145
  148  149  147  141  135  132  133  136  138  136  131  123  117  113  112  114
  120  132  149  172  198  222  241  255  267
    35.0-180.0 180.0   5.0 450.0                            LAT/LON1/LON2/DLON/H
  289  303  317  335  354  375  396  415  429  433  431  424  418  416  418  422
  426  429  430  427  417  399  376  349  320  290  258  226  198  176  159  146
  134  122  114  110  113  118  123  127  131  136  142  148  151  152  152  154
  156  157  153  146  139  135  135  136  138  136  132  127  123  120  120  121
  126  136  153  178  206  234  257  275  289
    32.5-180.0 180.0   5.0 450.0                            LAT/LON1/LON2/DLON/H
  309  324  337  349  361  373  387  402  414  420  419  416  413  414  419  426
  433  439  443  442  433  414  390  362  334  305  276  248  224  209  200  195
  187  175  161  150  144  143  144  145  146  150  155  160  162  161  160  160
  161  160  156  148  140  135  132  133  133  133  131  129  128  127  126  127
  131  139  156  180  210  241  269  291  309
    30.0-180.0 180.0   5.0 450.0                            LAT/LON1/LON2/DLON/H
  329  346  360  369  375  380  387  396  405  411  411  409  409  412  419  428
  437  445  452  452  444  426  402  377  353  331  308  288  272  266  267  270
  266  252  229  206  189  178  173  170  169  169  171  174  174  171  168  166
  165  162  157  149  140  133  129  127  127  127  129  130  131  132  132  133
  136  145  160  184  214  248  279  307  329
    27.5-180.0 180.0   5.0 450.0                            LAT/LON1/LON2/DLON/H
  351  373  389  398  402  402  403  408  414  417  417  415  414  418  425  433
  442  450  457  458  451  435  415  396  382  370  358  346  340  342  352  361
  360  341  308  271  240  219  207  199  194  190  189  189  187  183  178  174
  171  166  159  151  141  132  125  121  120  122  126  130  134  136  138  140
  145  155  171  195  225  259  294  325  351
    25.0-180.0 180.0   5.0 450.0                            LAT/LON1/LON2/DLON/H
  378  404  425  437  442  442  441  443  446  448  446  441  439  440  443  448
  454  460  464  465  459  446  433  425  422  423  422  420  420  427  440  452
  449  425  381  331  287  256  238  226  217  210  206  203  200  195  190  184
  179  173  165  155  144  133  124  118  115  118  124  130  136  139  142  147
  156  170  189  214  244  278  314  348  378
    22.5-180.0 180.0   5.0 450.0                            LAT/LON1/LON2/DLON/H
  409  440  466  484  495  498  499  500  503  503  500  493  487  483  482  480
  480  480  480  479  473  466  461  464  475  488  496  499  500  505  515  523
  516  486  434  373  320  283  261  247  236  226  218  214  212  208  203  197
  191  183  173  161  149  136  125  116  113  116  123  130  136  140  145  153
  168  188  211  239  269  303  339  375  409
    20.0-180.0 180.0   5.0 450.0                            LAT/LON1/LON2/DLON/H
  441  475  507  533  552  563  569  573  578  579  576  568  558  549  541  532
  524  517  511  506  501  498  502  516  538  559  571  573  567  562  561  560
  547  512  456  391  335  296  274  260  248  236  227  223  222  220  217  211
  204  195  183  170  155  140  127  118  114  117  124  131  136  140  145  157
  178  205  235  265  297  331  367  404  441
    17.5-180.0 180.0   5.0 450.0                            LAT/LON1/LON2/DLON/H
  469  507  544  578  606  625  639  649  658  664  663  656  645  632  618  603
  587  573  561  552  546  547  557  579  605  628  638  631  611  589  571  557
  538  501  447  386  333  298  280  268  256  243  233  229  230  230  229  224
  216  206  193  177  161  145  132  122  118  121  127  133  136  138  144  159
  185  219  254  288  322  356  393  431  469
    15.0-180.0 180.0   5.0 450.0                            LAT/LON1/LON2/DLON/H
  491  531  572  612  648  676  697  714  730  741  746  744  735  721  704  685
  664  644  628  614  607  609  622  645  670  687  687  666  629  586  548  520
  495  462  416  365  322  296  284  276  265  251  240  237  238  239  238  234
  226  215  200  183  165  150  137  128  125  127  131  135  136  136  141  158
  188  227  267  304  339  375  413  452  491
    12.5-180.0 180.0   5.0 450.0                            LAT/LON1/LON2/DLON/H
  506  547  590  633  674  708  735  758  779  798  811  816  812  802  786  766
  745  724  705  688  679  679  690  708  724  729  715  678  623  560  505  464
  437  411  379  344  315  301  296  291  280  265  252  247  247  247  245  239
  231  219  204  186  168  153  142  135  132  134  137  138  137  135  139  156
  187  228  272  311  348  385  425  466  506
    10.0-180.0 180.0   5.0 450.0                            LAT/LON1/LON2/DLON/H
  514  555  598  642  684  720  749  774  800  825  847  860  865  860  849  834
  818  800  781  763  750  746  750  758  761  751  722  671  602  526  458  410
  384  369  353  336  323  319  320  317  305  288  272  263  259  255  249  242
  232  220  204  186  169  156  147  142  141  141  142  141  138  135  138  154
  185  227  271  312  350  388  430  473  514
     7.5-180.0 180.0   5.0 450.0                            LAT/LON1/LON2/DLON/H
  519  559  600  643  683  716  743  767  793  822  849  871  884  888  885  879
  870  859  844  827  811  800  795  791  779  753  712  654  580  498  426  377
  356  352  352  350  350  354  358  355  341  320  300  286  275  265  253  241
  230  218  202  185  170  159  153  150  149  148  147  144  140  136  139  154
  183  224  267  309  347  388  431  476  519
     5.0-180.0 180.0   5.0 450.0                            LAT/LON1/LON2/DLON/H
  522  563  602  641  677  705  726  745  767  795  825  851  871  883  889  893
  894  893  884  868  850  834  819  802  777  742  695  637  568  491  422  377
  362  367  379  388  395  402  406  400  382  357  333  313  294  275  256  240
  227  215  200  185  171  163  160  158  157  154  150  146  141  139  142  157
  185  224  266  306  346  387  432  478  522
     2.5-180.0 180.0   5.0 450.0                            LAT/LON1/LON2/DLON/H
  528  569  607  643  674  697  711  722  736  758  785  812  835  853  867  879
  890  897  895  883  864  843  821  796  763  724  680  631  574  510  451  412
  401  411  428  441  449  453  453  442  421  393  365  339  313  286  260  240
  225  213  200  186  175  169  167  166  163  157  151  146  142  142  147  162
  190  227  268  308  347  389  435  482  528
