data.txt
     1.0            IONOSPHERE MAPS     GNSS                IONEX VERSION / TYPE
IONINX V5.5         AIUB                08-FEB-26 07:32     PGM / RUN BY / DATE 
CODE'S 2-DAY PREDICTED IONOSPHERE MAPS FOR DAY 040, 2026    COMMENT             
Global ionosphere maps (GIM) are generated on a daily basis DESCRIPTION         
at CODE using data from about 120 GNSS sites of the IGS and DESCRIPTION         
other institutions. The vertical total electron content     DESCRIPTION         
(VTEC) is modeled in a solar-geomagnetic reference frame    DESCRIPTION         
using a spherical harmonics expansion up to degree and      DESCRIPTION         
order 15. Piece-wise linear functions are used for          DESCRIPTION         
representation in the time domain. The time spacing of      DESCRIPTION         
their vertices is 1 hour, conforming with the epochs of the DESCRIPTION         
VTEC maps.                                                  DESCRIPTION         
To convert line-of-sight TEC into vertical TEC, a modified  DESCRIPTION         
single-layer model mapping function approximating the JPL   DESCRIPTION         
extended slab model mapping function is adopted. The        DESCRIPTION         
mapping function is evaluated at geodetic satellite         DESCRIPTION         
elevation angles. For the computation of the ionospheric    DESCRIPTION         
pierce points, a spherical layer with a radius of 6821 km   DESCRIPTION         
is assumed, implying geocentric, not geodetic IONEX         DESCRIPTION         
latitudes.                                                  DESCRIPTION         
Instrumental biases with respect to each involved GNSS code DESCRIPTION         
observable are estimated as constant values for each        DESCRIPTION         
day. They are modeled with one set of bias parameters for   DESCRIPTION         
each satellite and each station in case of GPS and for each DESCRIPTION         
satellite-station link in case of GLONASS. The code bias    DESCRIPTION         
datum is defined by zero-mean conditions imposed on the     DESCRIPTION         
satellite bias estimates. In this file, just GPS C1W-C2W    DESCRIPTION         
satellite and station bias values are included. The         DESCRIPTION         
complete set of GNSS code bias results is provided in an    DESCRIPTION         
additional Bias-SINEX file as pseudo-absolute values        DESCRIPTION         
specific to each observable.                                DESCRIPTION         
Contact address: code(at)aiub.unibe.ch                      DESCRIPTION         
Data archive:    ftp.aiub.unibe.ch/CODE/                    DESCRIPTION         
                 www.aiub.unibe.ch/download/CODE/           DESCRIPTION         
  2026     2     9     0     0     0                        EPOCH OF FIRST MAP  
  2026     2    10     0     0     0                        EPOCH OF LAST MAP   
  3600                                                      INTERVAL            
    25                                                      # OF MAPS IN FILE   
  NONE                                                      MAPPING FUNCTION    
    10.0                                                    ELEVATION CUTOFF    
One-way carrier phase leveled to code                       OBSERVABLES USED    
  6371.0                                                    BASE RADIUS         
     2                                                      MAP DIMENSION       
   450.0 450.0   0.0                                        HGT1 / HGT2 / DHGT  
    87.5 -87.5  -2.5                                        LAT1 / LAT2 / DLAT  
  -180.0 180.0   5.0                                        LON1 / LON2 / DLON  
    -1                                                      EXPONENT            
TEC/RMS values in 0.1 TECU; 9999, if no value available     COMMENT             
                                                            END OF HEADER       
[from data line 9438]
    23                                                      START OF TEC MAP    
  2026     2     9    22     0     0                        EPOCH OF CURRENT MAP
    87.5-180.0 180.0   5.0 450.0                            LAT/LON1/LON2/DLON/H
   59   61   62   63   65   66   68   69   71   72   74   75   76   77   78   78
   79   79   80   80   80   79   79   78   78   77   76   75   74   73   72   71
   70   68   67   66   65   64   63   62   61   60   59   58   57   56   56   55
   55   54   54   54   53   53   53   53   53   52   52   52   52   53   53   53
   53   54   54   55   56   56   57   58   59
    85.0-180.0 180.0   5.0 450.0                            LAT/LON1/LON2/DLON/H
   54   57   60   63   66   70   73   77   81   84   88   91   93   95   97   99
  100  100  100  100   99   98   97   96   94   93   91   89   86   84   82   80
   77   75   72   70   68   66   64   62   60   59   57   56   55   54   53   53
   52   52   52   51   51   51   51   51   50   50   49   49   49   48   48   48
   47   47   47   48   48   49   51   52   54
    82.5-180.0 180.0   5.0 450.0                            LAT/LON1/LON2/DLON/H
   49   52   56   61   67   73   79   86   92   99  104  109  113  116  119  120
  121  121  120  119  117  115  113  111  109  106  104  101   99   96   93   90
   86   83   80   77   74   71   68   65   63   61   60   58   57   56   56   55
   55   55   55   55   55   55   55   55   54   54   53   52   51   50   49   48
   46   45   44   44   44   44   45   47   49
    80.0-180.0 180.0   5.0 450.0                            LAT/LON1/LON2/DLON/H
   46   50   55   61   69   78   87   97  106  115  123  130  135  138  140  140
  139  137  134  131  128  125  123  120  118  116  114  112  109  107  104  101
   97   94   90   86   83   79   76   73   70   68   66   64   63   62   61   61
   61   61   61   62   62   62   62   62   61   61   60   59   58   57   55   53
   51   49   47   45   44   43   43   44   46
    77.5-180.0 180.0   5.0 450.0                            LAT/LON1/LON2/DLON/H
   50   53   58   66   75   86   98  111  123  135  145  153  157  159  159  156
  151  146  140  135  130  126  123  122  121  120  120  119  118  116  114  111
  108  104  101   97   93   89   86   82   79   77   74   72   71   70   69   68
   68   68   68   68   68   68   67   67   67   67   67   66   66   65   64   62
   61   59   56   54   52   50   49   49   50
    75.0-180.0 180.0   5.0 450.0                            LAT/LON1/LON2/DLON/H
   63   65   69   76   86   98  113  128  143  157  169  177  180  180  176  168
  159  148  138  130  123  119  117  116  117  119  121  122  122  122  120  118
  115  112  108  104  101   97   94   91   88   85   83   81   79   77   76   75
   74   73   72   71   70   69   68   68   68   69   69   70   71   72   72   73
   73   73   72   70   68   66   64   63   63
    72.5-180.0 180.0   5.0 450.0                            LAT/LON1/LON2/DLON/H
   85   85   88   93  102  115  130  148  165  181  194  202  204  200  191  178
  163  147  132  121  112  107  106  107  110  113  117  119  121  121  119  117
  114  111  108  105  102  100   98   95   93   91   89   87   84   82   80   78
   76   73   71   69   66   64   63   62   62   63   65   68   71   74   78   81
   85   87   89   91   91   90   88   86   85
    70.0-180.0 180.0   5.0 450.0                            LAT/LON1/LON2/DLON/H
  113  112  112  115  123  134  150  168  187  205  218  226  227  220  207  188
  167  146  128  113  102   97   96   98  101  105  109  111  112  111  109  107
  104  101   98   96   95   94   94   93   92   91   89   88   85   83   80   77
   73   70   66   61   57   54   52   50   51   52   55   59   65   71   78   85
   92   99  106  111  114  116  116  115  113
    67.5-180.0 180.0   5.0 450.0                            LAT/LON1/LON2/DLON/H
  143  141  139  140  145  154  168  186  206  225  240  249  249  241  224  202
  177  152  130  112  100   93   91   92   94   97   98   99   98   95   91   87
   83   81   79   78   79   81   82   84   85   85   84   83   81   78   75   71
   67   62   56   50   45   40   36   35   35   37   41   47   54   62   72   82
   93  105  116  126  134  140  144  144  143
    65.0-180.0 180.0   5.0 450.0                            LAT/LON1/LON2/DLON/H
  169  167  165  164  165  172  184  201  220  240  257  267  268  260  244  220
  193  166  142  123  109   99   94   92   91   89   87   84   80   74   69   63
   59   56   55   56   58   62   66   70   73   75   75   74   72   69   66   62
   57   51   44   37   30   25   21   19   19   22   27   33   41   50   61   73
   87  102  117  132  146  157  164  168  169
    62.5-180.0 180.0   5.0 450.0                            LAT/LON1/LON2/DLON/H
  187  188  187  185  185  188  197  211  230  250  267  280  284  279  264  243
  217  191  166  146  129  117  107   99   92   85   78   70   62   55   47   41
   36   33   32   35   39   45   51   56   60   63   64   63   61   58   55   50
   45   39   32   25   18   12    8    7    8   11   15   21   29   37   48   60
   75   92  110  129  147  162  175  183  187
    60.0-180.0 180.0   5.0 450.0                            LAT/LON1/LON2/DLON/H
  197  202  204  204  203  205  210  221  236  255  273  287  295  294  284  267
  246  222  199  178  159  143  127  112   98   85   72   61   51   42   34   27
   22   20   19   22   27   34   41   47   52   54   55   54   51   48   44   40
   35   29   23   16   10    5    2    1    3    6   10   15   21   28   37   48
   62   79   98  119  139  158  175  188  197
    57.5-180.0 180.0   5.0 450.0                            LAT/LON1/LON2/DLON/H
  201  212  219  222  223  224  226  233  244  259  276  291  302  306  302  291
  275  256  235  214  193  172  151  130  109   90   74   60   50   41   34   28
   23   20   20   22   27   33   40   46   50   52   51   49   45   41   37   33
   29   24   18   13    8    5    4    4    6    9   13   16   20   24   30   39
   51   67   86  107  128  149  169  187  201
    55.0-180.0 180.0   5.0 450.0                            LAT/LON1/LON2/DLON/H
  203  221  234  243  248  249  250  252  258  268  281  295  308  315  317  312
  301  286  268  248  226  201  175  149  124  101   83   69   60   53   47   43
   38   35   34   36   39   44   49   54   56   57   55   50   45   40   35   31
   27   24   20   17   14   13   13   15   18   20   22   23   25   26   30   37
   47   62   79   99  120  141  162  184  203
    52.5-180.0 180.0   5.0 450.0                            LAT/LON1/LON2/DLON/H
  208  232  253  269  279  283  283  282  282  285  292  303  314  323  328  328
  321  310  294  274  252  226  197  169  141  118  100   87   80   75   71   67
   63   59   57   58   60   63   66   69   70   68   64   58   51   45   40   36
   33   31   29   27   27   28   30   33   35   37   37   36   35   35   37   43
   53   66   83  101  120  140  161  184  208
    50.0-180.0 180.0   5.0 450.0                            LAT/LON1/LON2/DLON/H
  219  248  276  299  315  323  324  320  315  312  312  317  325  333  338  339
  334  324  310  292  270  244  216  188  161  139  122  110  104  100   97   92
   88   84   81   81   82   84   86   87   86   83   78   71   63   56   51   47
   45   44   44   44   46   49   52   55   57   57   55   52   50   49   51   57
   67   80   97  114  131  149  169  192  219
    47.5-180.0 180.0   5.0 450.0                            LAT/LON1/LON2/DLON/H
  237  268  301  330  353  366  369  364  355  346  339  338  340  345  348  348
  342  332  318  301  281  258  233  207  183  161  145  134  127  122  117  111
  105  100   98   98  100  102  103  103  101   98   93   86   79   72   67   65
   64   64   64   66   69   73   77   79   79   77   73   69   66   65   68   75
   87  102  120  136  153  169  187  209  237
    45.0-180.0 180.0   5.0 450.0                            LAT/LON1/LON2/DLON/H
  259  291  325  358  385  402  409  406  396  382  370  363  360  361  360  357
  349  337  323  308  290  271  250  227  204  183  165  152  142  134  126  118
  110  104  103  105  108  112  113  113  112  110  107  102   96   91   87   86
   86   87   88   90   93   97  100  101   99   95   90   85   82   82   86   96
  110  128  147  165  181  196  212  232  259
    42.5-180.0 180.0   5.0 450.0                            LAT/LON1/LON2/DLON/H
  283  312  345  377  406  426  437  437  428  413  399  388  382  379  375  368
  357  344  330  316  302  286  268  246  223  200  179  162  148  136  124  112
  102   96   96  100  107  113  116  118  119  119  118  116  113  110  108  109
  110  111  111  112  115  118  120  119  116  110  103   98   96   97  104  116
  132  152  173  193  210  225  240  259  283
    40.0-180.0 180.0   5.0 450.0                            LAT/LON1/LON2/DLON/H
  305  329  357  385  412  434  447  451  444  431  418  407  401  397  391  382
  370  356  343  331  319  305  287  265  239  212  186  164  146  131  116  102
   90   83   84   91  101  110  115  119  121  125  127  129  128  127  128  130
  132  132  132  131  131  133  133  131  126  120  113  109  108  111  120  133
  151  173  195  217  235  251  267  284  305
    37.5-180.0 180.0   5.0 450.0                            LAT/LON1/LON2/DLON/H
  324  343  363  385  406  426  440  446  443  434  423  416  412  410  406  398
  386  374  363  352  341  327  307  281  251  219  189  164  144  129  114   99
   86   77   78   85   97  107  115  119  124  130  136  140  142  143  145  148
  150  149  146  143  141  140  139  137  131  125  120  117  118  123  133  147
  166  188  212  234  255  273  290  307  324
    35.0-180.0 180.0   5.0 450.0                            LAT/LON1/LON2/DLON/H
  342  355  368  380  394  409  421  428  428  422  416  413  415  418  418  413
  404  396  388  379  367  349  325  294  260  224  193  168  152  140  129  116
  101   90   86   92  102  113  120  125  130  138  145  151  154  155  158  161
  162  159  153  147  143  140  138  135  131  126  123  123  126  133  144  160
  179  200  224  247  270  291  310  327  342
    32.5-180.0 180.0   5.0 450.0                            LAT/LON1/LON2/DLON/H
  362  371  377  381  387  395  403  409  409  405  402  404  411  419  424  424
  421  418  414  406  393  370  341  305  268  233  204  186  177  175  170  160
  143  127  117  116  122  129  135  138  143  150  157  162  164  165  166  167
  167  162  154  145  138  134  131  129  126  124  125  127  133  142  155  172
  191  212  235  259  283  307  329  347  362
    30.0-180.0 180.0   5.0 450.0                            LAT/LON1/LON2/DLON/H
  388  397  399  397  396  397  400  401  399  395  393  397  407  420  429  433
  435  437  437  430  414  388  353  317  281  251  231  223  226  235  239  231
  212  188  168  157  155  156  158  159  162  167  172  175  175  172  170  169
  166  159  148  137  129  124  121  120  119  121  124  129  137  149  165  184
  205  227  249  273  299  325  350  372  388
    27.5-180.0 180.0   5.0 450.0                            LAT/LON1/LON2/DLON/H
  422  434  437  434  429  425  423  419  412  404  400  403  413  425  435  442
  448  453  455  449  430  401  366  333  305  285  276  280  296  315  326  320
  297  263  231  207  195  190  187  185  185  187  189  189  184  178  172  167
  161  152  140  128  119  114  111  110  112  117  123  130  140  154  174  197
  222  245  268  293  320  348  377  403  422
    25.0-180.0 180.0   5.0 450.0                            LAT/LON1/LON2/DLON/H
  465  483  491  491  488  483  478  469  457  444  434  432  437  444  451  456
  461  467  470  463  443  414  384  359  343  337  340  354  377  402  416  410
  381  338  293  258  235  224  216  211  208  207  206  202  193  182  172  164
  155  144  131  119  110  105  103  103  107  114  122  130  142  159  183  211
  240  267  292  318  347  378  410  440  465
    22.5-180.0 180.0   5.0 450.0                            LAT/LON1/LON2/DLON/H
  513  538  556  564  567  565  560  550  534  516  499  489  485  484  483  482
  483  486  487  478  458  433  411  399  398  404  416  433  456  479  490  480
  446  395  341  297  267  250  241  234  229  225  221  213  202  187  174  162
  151  139  126  114  106  101   99  100  105  113  121  130  142  162  191  225
  259  290  319  347  378  411  446  481  513
    20.0-180.0 180.0   5.0 450.0                            LAT/LON1/LON2/DLON/H
  558  593  621  641  653  659  658  651  634  613  591  572  559  547  535  525
  518  516  512  501  482  462  452  455  468  482  494  504  516  528  531  515
  478  424  367  319  286  268  257  250  243  238  231  222  209  193  177  163
  150  137  124  113  106  101   99  101  107  114  122  130  142  164  197  236
  276  311  343  375  409  444  481  520  558
    17.5-180.0 180.0   5.0 450.0                            LAT/LON1/LON2/DLON/H
  596  639  677  708  730  746  754  752  741  721  697  673  650  628  606  586
  571  560  551  536  519  507  508  524  545  560  561  554  546  539  529  508
  472  422  369  324  293  276  267  260  252  245  238  228  214  198  182  167
  152  138  126  116  110  106  104  106  111  117  123  129  141  165  201  245
  289  328  363  398  434  472  511  553  596
    15.0-180.0 180.0   5.0 450.0                            LAT/LON1/LON2/DLON/H
  621  669  714  753  785  810  828  836  833  819  798  774  747  719  690  662
  639  621  605  587  571  565  576  599  621  626  608  575  540  510  487  464
  434  396  355  319  294  281  274  267  258  249  241  231  219  204  188  173
  158  143  131  122  117  113  112  113  117  122  125  129  141  166  205  251
  297  337  375  413  452  491  531  575  621
    12.5-180.0 180.0   5.0 450.0                            LAT/LON1/LON2/DLON/H
  633  682  729  771  808  840  866  884  893  890  877  857  833  804  774  744
  717  694  672  652  636  633  647  670  684  672  629  566  503  453  421  400
  382  361  337  315  298  289  283  276  265  253  243  233  223  210  195  180
  165  150  138  129  124  122  121  122  124  127  127  130  141  167  208  255
  300  341  381  421  461  502  542  585  633
    10.0-180.0 180.0   5.0 450.0                            LAT/LON1/LON2/DLON/H
  633  680  724  764  800  834  865  892  912  921  920  909  892  870  845  819
  793  768  744  721  704  700  711  727  726  692  622  534  448  385  350  338
  337  336  331  323  315  308  301  290  275  259  246  236  226  215  202  187
  171  157  145  136  132  130  129  130  131  130  129  130  142  170  211  257
  301  342  381  422  464  505  545  588  633
     7.5-180.0 180.0   5.0 450.0                            LAT/LON1/LON2/DLON/H
  629  671  708  741  770  800  831  862  890  910  921  922  916  906  892  874
  854  832  808  784  765  757  761  762  743  687  597  491  395  330  300  300
  317  335  347  349  346  339  328  311  289  268  251  239  229  219  206  192
  177  162  150  142  138  136  136  136  136  133  129  130  143  173  215  260
  302  341  380  421  463  505  545  587  629
     5.0-180.0 180.0   5.0 450.0                            LAT/LON1/LON2/DLON/H
  627  663  691  714  733  754  779  809  840  867  887  898  905  908  908  902
  891  875  854  830  809  795  787  774  737  666  565  455  362  304  287  301
  332  364  386  394  390  379  361  336  308  280  258  243  232  221  208  194
  180  167  155  147  143  142  142  141  139  134  128  129  145  176  218  263
  303  341  380  421  464  505  546  587  627
     2.5-180.0 180.0   5.0 450.0                            LAT/LON1/LON2/DLON/H
  630  662  684  696  705  715  731  754  782  810  833  851  867  882  894  901
  900  890  874  852  830  810  791  764  716  638  539  438  360  320  317  343
  382  418  441  446  438  419  393  361  326  293  267  248  235  222  208  195
  182  170  159  151  147  146  146  144  140  133  127  129  146  179  222  266
  306  344  383  424  466  507  549  591  630
